,Year,Wind (% electricity),Solar (% electricity),% coches
0,1990-01-01,0.033880398,0.00050570356,0.0
1,1991-01-01,0.041896664,0.00058248057,0.0
2,1992-01-01,0.06520976,0.0009589261,0.0
3,1993-01-01,0.08973795,0.0012319986,0.0
4,1994-01-01,0.112631254,0.0012691952,0.0
5,1995-01-01,0.14403802,0.001612019,0.0
6,1996-01-01,0.17413059,0.0016378234,0.0
7,1997-01-01,0.26419014,0.0019906648,0.0
8,1998-01-01,0.40144256,0.002305789,0.0
9,1999-01-01,0.5159831,0.0026739375,0.0
10,2000-01-01,0.8093792,0.0041857883,0.0
11,2001-01-01,0.9518668,0.007026212,0.0
12,2002-01-01,1.2879243,0.009918411,0.0
13,2003-01-01,1.54522,0.01427455,0.0
14,2004-01-01,2.0048866,0.023701718,0.0
15,2005-01-01,2.3619645,0.050298844,0.0
16,2006-01-01,2.6822128,0.08415988,0.0
17,2007-01-01,3.3853858,0.12773123,0.0
18,2008-01-01,3.8189878,0.25028166,0.0
19,2009-01-01,4.4273453,0.50041765,0.0
20,2010-01-01,4.739984,0.78779393,0.0120000001043081
21,2011-01-01,5.6789575,1.6239331,0.0630000010132789
22,2012-01-01,6.450492,2.413386,0.1899999976158142
23,2013-01-01,7.2536488,2.9141343,0.4699999988079071
24,2014-01-01,7.863154,3.3313296,0.5600000023841858
25,2015-01-01,9.159819,3.5098896,1.100000023841858
26,2016-01-01,9.216648,3.490312,0.9800000190734864
27,2017-01-01,10.672231,3.6885164,1.2999999523162842
28,2018-01-01,11.011969,3.8823345,1.899999976158142
29,2019-01-01,12.761432,4.305949,3.0
30,2020-01-01,14.421357,5.265965,10.0
31,2021-01-01,13.417339,5.6835895,18.0
32,2022-01-01,15.010179,7.2673745,21.0
